La matriz A (con for) es:

[[   0.            0.            0.            0.            0.
     0.            0.            0.            0.            0.        ]
 [   0.            0.            0.            0.            0.
     0.            0.            0.            0.            0.        ]
 [   0.          778.76848164    0.            0.         -259.58949388
  -519.17898776    0.         -306.34784992 -612.69569984    0.        ]
 [   0.          778.76848164    0.            0.         -306.34784992
  -612.69569984    0.          259.58949388  519.17898776    0.        ]
 [   0.            0.          726.85058287    0.            0.
  -519.17898776 -207.6715951     0.         -612.69569984 -245.07827994]
 [   0.            0.          726.85058287    0.            0.
  -612.69569984 -245.07827994    0.          519.17898776  207.6715951 ]
 [   0.            0.            0.          207.6715951     0.
     0.         -207.6715951     0.            0.         -245.07827994]
 [   0.            0.            0.          207.6715951     0.
     0.         -245.07827994    0.            0.          207.6715951 ]]


La matriz A (con while) es:

[[   0.            0.            0.            0.            0.
     0.            0.            0.            0.            0.        ]
 [   0.            0.            0.            0.            0.
     0.            0.            0.            0.            0.        ]
 [   0.          778.76848164    0.            0.         -259.58949388
  -519.17898776    0.         -306.34784992 -612.69569984    0.        ]
 [   0.          778.76848164    0.            0.         -306.34784992
  -612.69569984    0.          259.58949388  519.17898776    0.        ]
 [   0.            0.          726.85058287    0.            0.
  -519.17898776 -207.6715951     0.         -612.69569984 -245.07827994]
 [   0.            0.          726.85058287    0.            0.
  -612.69569984 -245.07827994    0.          519.17898776  207.6715951 ]
 [   0.            0.            0.          207.6715951     0.
     0.         -207.6715951     0.            0.         -245.07827994]
 [   0.            0.            0.          207.6715951     0.
     0.         -245.07827994    0.            0.          207.6715951 ]]